Ë®Ãæ½¢Í§
886
121
V34
L17
900
113
47
57
D186
F217
70
137
073
5
F229
45013
053
537
16
626
183
449
103
297
78
145
64
63
35
62
64W
99
2
102
0553
77
·¨7
363
F219
F238
528
73
101
179
0561
65
569
455
66
576
545
151
D91
116
998
1202
166
088
546
F314
168
171
173
575
855
F591
109
111
524
F81
980
548
GY820
571
F521
F512
115
88
311
F236
531
D614
055
F565
3
964
39
181
132
055D
119
182
522
81
54
650
172
A631
157
265
170
H88
85
167
977
36
104
254
530
M266
866
169
339
243
610
117
P19
F804
K35
L02
535
805
21
1000
20
76
431
P493
75
379
F49
421
778
D32
180
578
F218
526
P87
56
341
417
152
574
852
1013
868
69
F239
50
174
K166
527
130
F-21
193
71
